{
    "nodes": [
        {
            "name": "mpg"
        },
        {
            "name": "cyl"
        },
        {
            "name": "disp"
        },
        {
            "name": "hp"
        },
        {
            "name": "drat"
        },
        {
            "name": "wt"
        },
        {
            "name": "qsec"
        },
        {
            "name": "vs"
        },
        {
            "name": "am"
        },
        {
            "name": "gear"
        },
        {
            "name": "carb"
        }
    ],
    "matrix": [
        [
            1,
            -0.8522,
            -0.8476,
            -0.7762,
            0.6812,
            -0.8677,
            0.4187,
            0.664,
            0.5998,
            0.4803,
            -0.5509
        ],
        [
            -0.8522,
            1,
            0.902,
            0.8324,
            -0.6999,
            0.7825,
            -0.5912,
            -0.8108,
            -0.5226,
            -0.4927,
            0.527
        ],
        [
            -0.8476,
            0.902,
            1,
            0.7909,
            -0.7102,
            0.888,
            -0.4337,
            -0.7104,
            -0.5912,
            -0.5556,
            0.395
        ],
        [
            -0.7762,
            0.8324,
            0.7909,
            1,
            -0.4488,
            0.6587,
            -0.7082,
            -0.7231,
            -0.2432,
            -0.1257,
            0.7498
        ],
        [
            0.6812,
            -0.6999,
            -0.7102,
            -0.4488,
            1,
            -0.7124,
            0.0912,
            0.4403,
            0.7127,
            0.6996,
            -0.0908
        ],
        [
            -0.8677,
            0.7825,
            0.888,
            0.6587,
            -0.7124,
            1,
            -0.1747,
            -0.5549,
            -0.6925,
            -0.5833,
            0.4276
        ],
        [
            0.4187,
            -0.5912,
            -0.4337,
            -0.7082,
            0.0912,
            -0.1747,
            1,
            0.7445,
            -0.2299,
            -0.2127,
            -0.6562
        ],
        [
            0.664,
            -0.8108,
            -0.7104,
            -0.7231,
            0.4403,
            -0.5549,
            0.7445,
            1,
            0.1683,
            0.206,
            -0.5696
        ],
        [
            0.5998,
            -0.5226,
            -0.5912,
            -0.2432,
            0.7127,
            -0.6925,
            -0.2299,
            0.1683,
            1,
            0.7941,
            0.0575
        ],
        [
            0.4803,
            -0.4927,
            -0.5556,
            -0.1257,
            0.6996,
            -0.5833,
            -0.2127,
            0.206,
            0.7941,
            1,
            0.2741
        ],
        [
            -0.5509,
            0.527,
            0.395,
            0.7498,
            -0.0908,
            0.4276,
            -0.6562,
            -0.5696,
            0.0575,
            0.2741,
            1
        ]
    ]
}

